0 115 633 818 676 566 1 798 979 695 756 30 782 
115 0 676 566 1 798 979 695 756 30 782 267 89 
633 676 0 1 798 979 695 756 30 782 267 89 681 
818 566 1 0 979 695 756 30 782 267 89 681 381 
676 1 798 979 0 756 30 782 267 89 681 381 852 
566 798 979 695 756 0 782 267 89 681 381 852 762 
1 979 695 756 30 782 0 89 681 381 852 762 510 
798 695 756 30 782 267 89 0 381 852 762 510 656 
979 756 30 782 267 89 681 381 0 762 510 656 411 
695 30 782 267 89 681 381 852 762 0 656 411 665 
756 782 267 89 681 381 852 762 510 656 0 665 947 
30 267 89 681 381 852 762 510 656 411 665 0 451 
782 89 681 381 852 762 510 656 411 665 947 451 0 
