0 614 77 571 779 967 822 
614 0 779 967 822 146 910 
77 779 0 822 146 910 249 
571 967 822 0 910 249 112 
779 822 146 910 0 112 233 
967 146 910 249 112 0 172 
822 910 249 112 233 172 0 
