0 385 209 234 293 621 964 927 594 45 604 837 218 
385 0 293 621 964 927 594 45 604 837 218 253 880 
209 293 0 964 927 594 45 604 837 218 253 880 217 
234 621 964 0 594 45 604 837 218 253 880 217 799 
293 964 927 594 0 604 837 218 253 880 217 799 86 
621 927 594 45 604 0 218 253 880 217 799 86 799 
964 594 45 604 837 218 0 880 217 799 86 799 171 
927 45 604 837 218 253 880 0 799 86 799 171 979 
594 604 837 218 253 880 217 799 0 799 171 979 437 
45 837 218 253 880 217 799 86 799 0 979 437 984 
604 218 253 880 217 799 86 799 171 979 0 984 214 
837 253 880 217 799 86 799 171 979 437 984 0 149 
218 880 217 799 86 799 171 979 437 984 214 149 0 
